2 A000C0	
2 B000C1	
9 0			
2 A000CF	
9 0			
2 D000C3	
9 0
2 A00080	
9 0
0 A00040	
0 B00041	
0 C00042	
0 D00043	
9 0			
1 A00041	
9 0
1 A00042	
9 0
1 E00044	
9 0
4 E00040	
9 0
3 E00040	
9 0
1 F00045	
9 0
0 1F00046	
9 0
4 2F00040	
4 A00040	
9 0
0 A00080	
0 B00081	
0 C00082	
0 D00083	
9 0			
1 A00081	
9 0
1 A00082	
9 0
1 B00084
9 0
0 B00084	
9 0
1 A00084	
9 0
0 B00084	
9 0
0 C00080	
0 D00080	
0 E00080	
9 0
0 F00080	
9 0
3 1F00080	
9 0
4 C00080	
9 0			
3 C00080	
3 D00080	
3 E00080	
0 1D00080	
0 1E00080	
0 1F00080	
9 0			
