0 12300000
0 45600000
0 78900000
0 ABC00000
0 1A227480
0 2B327480
0 3C427480
0 4D527480
0 AAB4EE00
0 BBC4EE00
0 CCD4EE00
0 DDE4EE00
2 CBA00000
2 FED00000
2 508762C0
2 525762C0
2 911FFFC0
2 100FFFC0
0 45600000
0 78900000
0 1A227480
0 4D527480
0 AAB4EE00
0 DDE4EE00
2 CBA00000
2 508762C0
2 100FFFC0
0 41400000
0 51500000
0 58127480
0 C7427480
0 D1C4EE00
0 EB24EE00
2 84200000
2 333762C0
2 444FFFC0
1 78900000
1 45600000
1 58127480
1 1A227480
1 EB24EE00
1 D1C4EE00
1 78900000
1 58127480
1 EB24EE00
0 78900000
0 45600000
0 58127480
0 1A227480
0 EB24EE00
0 D1C4EE00
0 78900000
0 1A227480
0 EB24EE00
0 45600000
0 58127480
0 D1C4EE00
0 41400000
0 4D527480
0 DDE4EE00
0 51500000
0 C7427480
0 AAB4EE00
1 35700000
1 AFD27480
1 5C44EE00
3 45600000
3 C7427480
3 5C44EE00
3 58127480
4 12300000
4 41400000
4 45600000
4 35700000
4 51500000
4 58127480
4 D1C4EE00
9 00000000